44357
45014
61756
38205
32260
14843
61235
16303
3961
2271
38187
46118
34074
3177
30115
56423
41599
27114
1061
51813
32755
25366
3092
12163
28585
25203
24394
42445
50750
22385
27836
6997
23354
22837
61815
63300
55855
52893
14986
16314
61586
49210
58405
64893
10305
9769
52442
55581
51329
58423
10756
55950
28677
10954
38983
56044
40917
20134
26347
34322
4496
5540
43712
20810
14653
28237
17369
1000
37983
36082
35933
61512
37663
15921
60700
50630
48606
44322
55688
39129
52982
61200
28640
58413
30414
61367
5746
34378
25942
11244
19373
10607
36929
23935
36599
51464
59051
28229
54195
49118
12786
55800
37219
44506
38487
64262
60108
45656
23835
32232
62904
45825
41658
36166
15522
21679
30762
59273
44645
46792
39501
26717
21860
6085
18652
7890
4759
7540
735
34550
57580
17212
7080
11438
44431
50871
42388
57618
59727
36124
6293
52281
41381
52485
14147
20276
9262
36320
61127
44374
6369
13156
33338
25887
15682
40363
4455
38945
53338
55470
7078
47833
37893
48563
47556
24869
34491
16721
64523
32500
4453
53015
50104
1623
63907
2812
1942
55602
37349
32425
17088
32050
10436
10200
45111
39191
57254
64367
24392
45693
51433
20784
24768
59392
24356
50135
42271
64662
11345
31650
19848
15045
24765
37859
27926
51539
26890
31050
40011
35589
32822
50392
30005
41149
12594
24700
37425
62623
39652
15644
3095
44621
42054
49137
40021
12291
44066
25949
27976
57969
23545
9109
37929
1612
20290
30265
3523
26211
6689
61250
38523
51284
48420
55260
41191
36025
51389
7970
8482
1589
56079
15221
36729
41259
61494
3974
61555
16626
22414
35938
29591
64110
25407
2145
17170
5164
57700
54636
60847
31028
41733
60100
49091
25110
15313
48269
53201
12188
27029
2304
13899
24621
21190
17921
11775
17579
56234
58436
55684
65354
30911
9639
23376
18338
7741
17647
24111
3607
42848
1009
15616
3897
28565
58596
40763
41226
62215
49640
42433
61725
28332
44428
1393
48999
24823
62979
40186
38452
61225
23908
62922
4325
63191
37335
36533
61582
37704
17212
63211
19457
10636
57054
25193
57346
26716
40839
4974
28961
51396
50901
24564
58060
60898
9825
15375
29432
9139
43650
39768
51152
16957
3875
4569
51434
27346
57288
22818
47157
43927
6329
36325
35925
16801
20074
32395
5767
22140
60427
29016
11767
2754
35049
43440
41378
61232
20512
17819
34024
47085
11594
65408
511
44505
46565
64017
62660
52875
20413
5676
26665
35054
48048
55731
44318
57603
12149
42054
11137
33940
27362
43099
36930
62468
31782
50652
26769
32977
7249
13496
9177
9805
236
47654
30341
31685
8791
37145
2577
30924
40871
62899
43936
63562
37282
29332
58949
50190
9733
17948
20665
7343
50235
60222
15426
48988
43965
36250
54296
10348
31817
53616
52672
31989
55234
20011
17475
4871
56974
43860
13716
58963
41064
54532
56199
33159
54956
58159
1207
37471
55495
22657
60760
49962
55710
24100
28985
50935
9170
50147
54996
12607
25862
19573
48020
38478
46065
15731
44034
8527
3120
12132
52005
53216
37911
44267
15249
37902
24040
40523
9890
60442
5527
43329
43837
61090
28818
18824
22998
12520
25660
15906
24340
22342
27670
5970
3586
3277
12394
60097
5705
49504
64398
64411
38568
3388
54589
5332
10316
20604
10960
22922
30878
58427
24316
60367
38220
31962
54846
21045
32171
43184
23626
25033
11623
20331
32119
25004
15133
56261
29419
28819
27182
7799
64459
4219
36348
50497
18204
23264
46640
28493
25501
19744
29667
26587
25262
64164
50881
1189
64522
13887
54177
42442
28543
30448
23604
44200
10871
47993
15632
11561
18182
60662
13608
5308
58365
32811
25580
27373
3822
45316
16818
50312
7343
55442
7550
4732
55573
52635
11139
25814
36160
36611
62818
48947
861
20460
6214
41528
4508
23609
465
54363
57883
49765
9185
20131
54606
41720
31779
1888
5671
61214
28762
57446
31974
3181
50812
61266
19918
42311
53620
4131
32179
6168
62422
35830
5661
50667
2656
8894
57215
36659
39893
62964
53345
19874
19464
24414
46623
4295
49182
20720
54714
27152
8908
19708
47885
39166
52515
42893
20777
60239
19140
38417
37212
64339
19596
37043
24186
35469
61906
56429
26802
50348
46012
23694
35557
37007
50980
23107
58922
57238
54555
3885
59991
24542
55270
59624
29752
41489
57117
40357
37551
18374
41283
59616
23805
41398
32814
47661
29803
52861
61446
37431
23714
51234
47881
64144
13964
21002
7779
26422
43938
42735
13072
19437
61872
30914
198
57081
56099
63399
15536
30113
25763
27529
23221
57460
16324
35189
51705
58576
33515
15630
1303
20978
4471
39817
24531
6389
3094
12994
1903
54293
55640
51306
40088
53591
12473
56652
50660
47832
16540
13234
31984
35427
10369
3988
3615
31295
54765
41192
30757
61760
698
52432
15710
1927
59639
30591
49523
45848
59678
14106
62016
8990
11741
32032
30698
29931
33516
24952
48417
6837
29914
15565
21226
53233
9350
43362
2589
22056
25700
42633
25951
58845
65052
58672
4105
60693
52842
28812
58938
32638
35360
17912
59372
38494
60319
10281
35012
44941
4745
17607
4314
32238
33260
44536
54237
41664
16939
21569
35893
61563
48486
3564
4922
40274
23966
22799
28328
22564
19832
16727
61986
9629
60789
7337
14970
47129
10770
28180
35686
656
23001
1886
38906
45242
16142
41811
48748
1022
13741
28590
2340
6349
7716
59834
58778
33306
48597
46682
1474
25542
49678
47588
40576
8364
24412
14260
34227
24627
24525
37219
12412
43454
60785
54300
24330
21716
15638
27604
17099
49882
36489
29362
1588
9708
34147
23212
65329
55056
20004
27303
11882
63431
8512
21452
29365
53094
44789
12471
33016
46745
42414
37892
64020
6755
36721
65460
8773
1828
35789
40964
52211
4816
12549
29752
911
26306
803
897
16104
3317
14460
15567
4296
44246
56104
27511
15840
12507
3145
4416
8718
45745
13052
40392
31121
53079
3017
7370
14506
41576
55384
7609
18904
3827
47277
59497
63373
20549
33082
511
56916
42235
4636
39814
30645
3501
21965
40534
20884
52788
3912
6827
37109
38842
37511
10211
28312
57864
23930
9483
28685
7906
25751
26831
31893
43574
17365
4869
56072
59486
34045
60645
12586
8271
54614
16631
54597
46398
33023
52767
64899
20864
26572
33524
27831
60993
4303
28002
18185
61572
40152
14148
23083
36604
22405
